year mon day      LAI      PAI      GPP      NPP    Aresp   Arespm   Arespg  AsoilHr  AsoilAr    LeafC    StemC   DStemC   FrootC   CrootC  DCrootC    LitrC    SoilC   TotalC    LeafN    StemN   DStemN   FrootN   CrootN  DCrootN    LitrN    SoilN   TotalN Anitrate   AsminN   AsurfN AstreamN Denitrif  Anitrif      DOC      DON  R_Depth
1961   1   1    0.000    0.000    0.000    0.000    0.000    0.000    0.000    0.000    0.000      0.0      0.0        0      0.0      0.0        0      0.0        0      0.0    0.000    0.000    0.000    0.000    0.000    0.000      0.0      0.0      0.0      292    0.000    2.000    0.000    0.000    0.000    0.000    0.000    0.000
1961   1   2    0.000    0.000    0.000    0.000    0.000    0.000    0.000    0.000    0.000      0.0      0.0        0      0.0      0.0        0      0.0        0      0.0    0.000    0.000    0.000    0.000    0.000    0.000      0.0      0.0      0.0      294    0.000    0.003    0.000    0.000    0.000    0.000    0.000    0.000
1961   1   3    0.000    0.000    0.000    0.000    0.000    0.000    0.000    0.000    0.000      0.0      0.0        0      0.0      0.0        0      0.0        0      0.0    0.001    0.000    0.000    0.000    0.000    0.000      0.0      0.0      0.0      296    0.000    0.003    0.000    0.000    0.000    0.000    0.000    0.000
1961   1   4    0.000    0.000    0.000    0.000    0.000    0.000    0.000    0.000    0.000      0.0      0.0        0      0.0      0.0        0      0.0        0      0.0    0.001    0.000    0.000    0.000    0.000    0.000      0.0      0.0      0.0      298    0.000    0.100    0.000    0.000    0.000    0.000    0.000    0.000
1961   1   5    0.000    0.000    0.000    0.000    0.000    0.000    0.000    0.000    0.000      0.0      0.0        0      0.0      0.0        0      0.0        0      0.0    0.001    0.000    0.000    0.000    0.000    0.000      0.0      0.0      0.0      298    0.000    2.000    0.000    0.000    0.000    0.000    0.000    0.000
1961   1   6    0.000    0.000    0.000    0.000    0.000    0.000    0.000    0.000    0.000      0.0      0.0        0      0.0      0.0        0      0.0        0      0.0    0.001    0.000    0.000    0.000    0.000    0.000      0.0      0.0      0.0      298    0.000    2.000    0.000    0.000    0.000    0.000    0.000    0.000
1961   1   7    0.000    0.000    0.000    0.000    0.000    0.000    0.000    0.000    0.000      0.0      0.0        0      0.0      0.0        0      0.0        0      0.0    0.001    0.000    0.000    0.000    0.000    0.000      0.0      0.0      0.0      299    0.000    0.695    0.000    0.000    0.000    0.000    0.000    0.000
1961   1   8    0.000    0.000    0.001    0.000    0.000    0.000    0.000    0.000    0.000      0.0      0.0        0      0.0      0.0        0      0.0        0      0.0    0.002    0.000    0.000    0.000    0.000    0.000      0.0      0.0      0.0      301    0.000    0.006    0.000    0.000    0.000    0.000    0.000    0.000
1961   1   9    0.000    0.000    0.001    0.000    0.000    0.000    0.000    0.000    0.000      0.0      0.0        0      0.0      0.0        0      0.0        0      0.1    0.002    0.000    0.000    0.000    0.000    0.000      0.0      0.0      0.0      303    0.000    0.004    0.000    0.000    0.000    0.000    0.000    0.000
1961   1  10    0.000    0.000    0.001    0.000    0.000    0.000    0.000    0.000    0.000      0.1      0.0        0      0.0      0.0        0      0.0        0      0.1    0.002    0.000    0.000    0.000    0.000    0.000      0.0      0.0      0.0      305    0.000    0.012    0.000    0.000    0.000    0.000    0.000    0.000
1961   1  11    0.000    0.000    0.001    0.000    0.000    0.000    0.000    0.000    0.000      0.1      0.0        0      0.0      0.0        0      0.0        0      0.1    0.002    0.000    0.000    0.000    0.000    0.000      0.0      0.0      0.0      307    0.000    0.107    0.000    0.000    0.000    0.000    0.000    0.000
1961   1  12    0.000    0.000    0.001    0.000    0.000    0.000    0.000    0.000    0.000      0.1      0.0        0      0.0      0.0        0      0.0        0      0.1    0.003    0.000    0.000    0.000    0.000    0.000      0.0      0.0      0.0      307    0.000    2.000    0.000    0.000    0.000    0.000    0.000    0.000
1961   1  13    0.000    0.000    0.001    0.000    0.000    0.000    0.000    0.000    0.000      0.1      0.0        0      0.0      0.0        0      0.0        0      0.1    0.003    0.000    0.000    0.000    0.000    0.000      0.0      0.0      0.0      307    0.000    2.000    0.000    0.000    0.000    0.000    0.000    0.000
1961   1  14    0.000    0.000    0.001    0.000    0.000    0.000    0.000    0.000    0.000      0.1      0.0        0      0.0      0.0        0      0.0        0      0.1    0.003    0.000    0.000    0.000    0.000    0.000      0.0      0.0      0.0      307    0.000    2.000    0.000    0.000    0.000    0.000    0.000    0.000
1961   1  15    0.000    0.000    0.001    0.000    0.000    0.000    0.000    0.000    0.000      0.1      0.0        0      0.0      0.0        0      0.0        0      0.1    0.003    0.000    0.000    0.000    0.000    0.000      0.0      0.0      0.0      307    0.000    2.000    0.000    0.000    0.000    0.000    0.000    0.000
1961   1  16    0.000    0.000    0.001    0.000    0.000    0.000    0.000    0.000    0.000      0.1      0.0        0      0.0      0.0        0      0.0        0      0.1    0.003    0.000    0.000    0.000    0.000    0.000      0.0      0.0      0.0      307    0.000    2.000    0.000    0.000    0.000    0.000    0.000    0.000
1961   1  17    0.000    0.000    0.001    0.000    0.000    0.000    0.000    0.000    0.000      0.1      0.0        0      0.0      0.0        0      0.0        0      0.1    0.004    0.000    0.000    0.000    0.000    0.000      0.0      0.0      0.0      307    0.000    2.000    0.000    0.000    0.000    0.000    0.000    0.000
1961   1  18    0.000    0.000    0.001    0.000    0.000    0.000    0.000    0.000    0.000      0.1      0.0        0      0.0      0.0        0      0.0        0      0.1    0.004    0.000    0.000    0.000    0.000    0.000      0.0      0.0      0.0      307    0.000    2.000    0.000    0.000    0.000    0.000    0.000    0.000
1961   1  19    0.000    0.000    0.001    0.000    0.000    0.000    0.000    0.000    0.000      0.1      0.0        0      0.0      0.0        0      0.0        0      0.1    0.004    0.000    0.000    0.000    0.000    0.000      0.0      0.0      0.0      307    0.000    2.000    0.000    0.000    0.000    0.000    0.000    0.000
1961   1  20    0.001    0.001    0.001    0.000    0.000    0.000    0.000    0.000    0.000      0.1      0.0        0      0.0      0.0        0      0.0        0      0.1    0.004    0.000    0.000    0.000    0.000    0.000      0.0      0.0      0.0      308    0.000    0.695    0.000    0.000    0.000    0.000    0.000    0.000
1961   1  21    0.001    0.001    0.001    0.000    0.000    0.000    0.000    0.000    0.000      0.1      0.0        0      0.0      0.0        0      0.0        0      0.1    0.004    0.000    0.000    0.000    0.000    0.000      0.0      0.0      0.0      309    0.000    1.324    0.000    0.000    0.000    0.000    0.000    0.000
1961   1  22    0.001    0.001    0.001    0.000    0.000    0.000    0.000    0.000    0.000      0.1      0.0        0      0.0      0.0        0      0.0        0      0.1    0.005    0.000    0.000    0.000    0.000    0.000      0.0      0.0      0.0      309    0.000    2.000    0.000    0.000    0.000    0.000    0.000    0.000
1961   1  23    0.001    0.001    0.001    0.000    0.000    0.000    0.000    0.000    0.000      0.1      0.0        0      0.0      0.0        0      0.0        0      0.1    0.005    0.000    0.000    0.000    0.000    0.000      0.0      0.0      0.0      310    0.000    0.001    0.000    0.000    0.000    0.000    0.000    0.000
1961   1  24    0.001    0.001    0.002    0.001    0.000    0.000    0.000    0.000    0.000      0.1      0.0        0      0.0      0.0        0      0.0        0      0.1    0.005    0.000    0.000    0.000    0.000    0.000      0.0      0.0      0.0      312    0.000    0.092    0.000    0.000    0.000    0.000    0.000    0.000
1961   1  25    0.001    0.001    0.001    0.001    0.000    0.000    0.000    0.000    0.000      0.1      0.0        0      0.0      0.0        0      0.0        0      0.1    0.005    0.000    0.000    0.000    0.000    0.000      0.0      0.0      0.0      314    0.000    0.675    0.000    0.000    0.000    0.000    0.000    0.000
1961   1  26    0.001    0.001    0.001    0.001    0.000    0.000    0.000    0.000    0.000      0.1      0.0        0      0.0      0.0        0      0.0        0      0.2    0.005    0.000    0.000    0.000    0.000    0.000      0.0      0.0      0.0      314    0.000    2.000    0.000    0.000    0.000    0.000    0.000    0.000
1961   1  27    0.001    0.001    0.001    0.001    0.000    0.000    0.000    0.000    0.000      0.1      0.0        0      0.0      0.0        0      0.0        0      0.2    0.006    0.000    0.000    0.001    0.000    0.000      0.0      0.0      0.0      314    0.000    2.000    0.000    0.000    0.000    0.000    0.000    0.000
1961   1  28    0.001    0.001    0.001    0.001    0.000    0.000    0.000    0.000    0.000      0.2      0.0        0      0.0      0.0        0      0.0        0      0.2    0.006    0.000    0.000    0.001    0.000    0.000      0.0      0.0      0.0      314    0.000    2.000    0.000    0.000    0.000    0.000    0.000    0.000
1961   1  29    0.001    0.001    0.001    0.001    0.000    0.000    0.000    0.000    0.000      0.2      0.0        0      0.0      0.0        0      0.0        0      0.2    0.006    0.000    0.000    0.001    0.000    0.000      0.0      0.0      0.0      314    0.000    2.000    0.000    0.000    0.000    0.000    0.000    0.000
1961   1  30    0.001    0.001    0.001    0.001    0.000    0.000    0.000    0.000    0.000      0.2      0.0        0      0.0      0.0        0      0.0        0      0.2    0.006    0.000    0.000    0.001    0.000    0.000      0.0      0.0      0.0      316    0.000    0.077    0.000    0.000    0.000    0.000    0.000    0.000
1961   1  31    0.001    0.001    0.001    0.001    0.000    0.000    0.000    0.000    0.000      0.2      0.0        0      0.0      0.0        0      0.0        0      0.2    0.006    0.000    0.000    0.001    0.000    0.000      0.0      0.0      0.0      317    0.000    0.478    0.000    0.000    0.000    0.000    0.000    0.000
1961   2   1    0.001    0.001    0.001    0.000    0.000    0.000    0.000    0.000    0.000      0.2      0.0        0      0.0      0.0        0      0.0        0      0.2    0.007    0.000    0.000    0.001    0.000    0.000      0.0      0.0      0.0      319    0.000    0.057    0.000    0.000    0.000    0.000    0.000    0.000
1961   2   2    0.001    0.001    0.001    0.000    0.000    0.000    0.000    0.000    0.000      0.2      0.0        0      0.0      0.0        0      0.0        0      0.2    0.007    0.000    0.000    0.001    0.000    0.000      0.0      0.0      0.0      321    0.000    0.100    0.000    0.000    0.000    0.000    0.000    0.000
1961   2   3    0.001    0.001    0.001    0.000    0.000    0.000    0.000    0.000    0.000      0.2      0.0        0      0.0      0.0        0      0.0        0      0.2    0.007    0.000    0.000    0.001    0.000    0.000      0.0      0.0      0.0      321    0.000    2.000    0.000    0.000    0.000    0.000    0.000    0.000
1961   2   4    0.001    0.001    0.001    0.000    0.000    0.000    0.000    0.000    0.000      0.2      0.0        0      0.0      0.0        0      0.0        0      0.2    0.007    0.000    0.000    0.001    0.000    0.000      0.0      0.0      0.0      321    0.000    2.000    0.000    0.000    0.000    0.000    0.000    0.000
1961   2   5    0.001    0.001    0.001    0.000    0.000    0.000    0.000    0.000    0.000      0.2      0.0        0      0.0      0.0        0      0.0        0      0.2    0.007    0.000    0.000    0.001    0.000    0.000      0.0      0.0      0.0      323    0.000    0.011    0.000    0.000    0.000    0.000    0.000    0.000
1961   2   6    0.001    0.001    0.001    0.000    0.000    0.000    0.000    0.000    0.000      0.2      0.0        0      0.0      0.0        0      0.0        0      0.2    0.008    0.000    0.000    0.001    0.000    0.000      0.0      0.0      0.0      325    0.000    0.100    0.000    0.000    0.000    0.000    0.000    0.000
1961   2   7    0.001    0.001    0.001    0.000    0.000    0.000    0.000    0.000    0.000      0.2      0.0        0      0.0      0.0        0      0.0        0      0.2    0.008    0.000    0.000    0.001    0.000    0.000      0.0      0.0      0.0      325    0.000    2.000    0.000    0.000    0.000    0.000    0.000    0.000
1961   2   8    0.001    0.001    0.001    0.000    0.000    0.000    0.000    0.000    0.000      0.2      0.0        0      0.0      0.0        0      0.0        0      0.2    0.008    0.000    0.000    0.001    0.000    0.000      0.0      0.0      0.0      326    0.000    0.475    0.000    0.000    0.000    0.000    0.000    0.000
1961   2   9    0.001    0.001    0.001    0.000    0.000    0.000    0.000    0.000    0.000      0.2      0.0        0      0.0      0.0        0      0.0        0      0.2    0.008    0.000    0.000    0.001    0.000    0.000      0.0      0.0      0.0      328    0.000    0.015    0.000    0.000    0.000    0.000    0.000    0.000
1961   2  10    0.001    0.001    0.001    0.000    0.000    0.000    0.000    0.000    0.000      0.2      0.0        0      0.0      0.0        0      0.0        0      0.2    0.008    0.000    0.000    0.001    0.000    0.000      0.0      0.0      0.0      330    0.000    0.076    0.000    0.000    0.000    0.000    0.000    0.000
1961   2  11    0.001    0.001    0.001    0.000    0.000    0.000    0.000    0.000    0.000      0.2      0.0        0      0.0      0.0        0      0.0        0      0.2    0.009    0.000    0.000    0.001    0.000    0.000      0.0      0.0      0.0      332    0.000    0.066    0.000    0.000    0.000    0.000    0.000    0.000
1961   2  12    0.001    0.001    0.001    0.000    0.000    0.000    0.000    0.000    0.000      0.2      0.0        0      0.0      0.0        0      0.0        0      0.2    0.009    0.000    0.000    0.001    0.000    0.000      0.0      0.0      0.0      334    0.000    0.175    0.000    0.000    0.000    0.000    0.000    0.000
1961   2  13    0.001    0.001    0.001    0.000    0.000    0.000    0.000    0.000    0.000      0.2      0.0        0      0.0      0.0        0      0.0        0      0.3    0.009    0.000    0.000    0.001    0.000    0.000      0.0      0.0      0.0      334    0.000    2.000    0.000    0.000    0.000    0.000    0.000    0.000
1961   2  14    0.001    0.001    0.001    0.000    0.000    0.000    0.000    0.000    0.000      0.2      0.0        0      0.0      0.0        0      0.0        0      0.3    0.009    0.000    0.000    0.001    0.000    0.000      0.0      0.0      0.0      334    0.000    2.000    0.000    0.000    0.000    0.000    0.000    0.000
1961   2  15    0.001    0.001    0.001    0.000    0.000    0.000    0.000    0.000    0.000      0.2      0.0        0      0.0      0.0        0      0.0        0      0.3    0.009    0.000    0.000    0.001    0.000    0.000      0.0      0.0      0.0      334    0.000    2.000    0.000    0.000    0.000    0.000    0.000    0.000
1961   2  16    0.001    0.001    0.001    0.000    0.000    0.000    0.000    0.000    0.000      0.2      0.0        0      0.0      0.0        0      0.0        0      0.3    0.010    0.000    0.000    0.001    0.000    0.000      0.0      0.0      0.0      336    0.000    0.004    0.000    0.000    0.000    0.000    0.000    0.000
1961   2  17    0.001    0.001    0.001    0.000    0.000    0.000    0.000    0.000    0.000      0.3      0.0        0      0.0      0.0        0      0.0        0      0.3    0.010    0.000    0.000    0.001    0.000    0.000      0.0      0.0      0.0      338    0.000    0.011    0.000    0.000    0.000    0.000    0.000    0.000
1961   2  18    0.001    0.001    0.001    0.000    0.000    0.000    0.000    0.000    0.000      0.3      0.0        0      0.0      0.0        0      0.0        0      0.3    0.010    0.000    0.000    0.001    0.000    0.000      0.0      0.0      0.0      339    0.000    0.002    0.000    0.000    0.000    0.000    0.000    0.000
1961   2  19    0.001    0.001    0.001    0.001    0.000    0.000    0.000    0.000    0.000      0.3      0.0        0      0.0      0.0        0      0.0        0      0.3    0.010    0.000    0.000    0.001    0.000    0.000      0.0      0.0      0.0      341    0.000    0.003    0.000    0.000    0.000    0.000    0.000    0.000
1961   2  20    0.001    0.001    0.002    0.002    0.001    0.000    0.000    0.000    0.000      0.3      0.0        0      0.0      0.0        0      0.0        0      0.3    0.010    0.000    0.000    0.001    0.000    0.000      0.0      0.0      0.0      343    0.000    0.001    0.000    0.000    0.000    0.000    0.000    0.000
1961   2  21    0.001    0.001    0.003    0.002    0.001    0.000    0.001    0.000    0.000      0.3      0.0        0      0.0      0.0        0      0.0        0      0.3    0.010    0.000    0.000    0.001    0.000    0.000      0.0      0.0      0.0      345    0.000    0.006    0.000    0.000    0.000    0.000    0.000    0.000
1961   2  22    0.001    0.001    0.003    0.002    0.001    0.000    0.001    0.000    0.000      0.3      0.0        0      0.0      0.0        0      0.0        0      0.3    0.011    0.000    0.000    0.001    0.000    0.000      0.0      0.0      0.0      347    0.000    0.001    0.000    0.001    0.000    0.000    0.000    0.000
1961   2  23    0.001    0.001    0.004    0.003    0.001    0.000    0.001    0.000    0.000      0.3      0.0        0      0.0      0.0        0      0.0        0      0.3    0.011    0.000    0.000    0.001    0.000    0.000      0.0      0.0      0.0      349    0.000    0.003    0.000    0.001    0.000    0.000    0.000    0.000
1961   2  24    0.001    0.001    0.004    0.003    0.001    0.000    0.001    0.000    0.000      0.3      0.0        0      0.0      0.0        0      0.0        0      0.3    0.011    0.000    0.000    0.001    0.000    0.000      0.0      0.0      0.0      351    0.000    0.018    0.000    0.001    0.000    0.000    0.000    0.000
1961   2  25    0.001    0.001    0.004    0.003    0.001    0.000    0.001    0.000    0.000      0.3      0.0        0      0.0      0.0        0      0.0        0      0.3    0.011    0.000    0.000    0.001    0.000    0.000      0.0      0.0      0.0      353    0.000    0.107    0.000    0.001    0.000    0.000    0.000    0.000
1961   2  26    0.001    0.001    0.004    0.003    0.001    0.000    0.001    0.000    0.000      0.3      0.0        0      0.0      0.0        0      0.0        0      0.3    0.012    0.000    0.000    0.001    0.000    0.000      0.0      0.0      0.0      353    0.000    2.000    0.000    0.001    0.000    0.000    0.000    0.000
1961   2  27    0.001    0.001    0.004    0.003    0.001    0.000    0.001    0.000    0.000      0.3      0.0        0      0.0      0.0        0      0.0        0      0.3    0.012    0.000    0.000    0.001    0.000    0.000      0.0      0.0      0.0      353    0.000    2.000    0.000    0.001    0.000    0.000    0.000    0.000
1961   2  28    0.001    0.001    0.004    0.003    0.001    0.000    0.001    0.000    0.000      0.3      0.0        0      0.0      0.0        0      0.0        0      0.3    0.012    0.000    0.000    0.001    0.000    0.000      0.0      0.0      0.0      353    0.000    2.000    0.000    0.001    0.000    0.000    0.000    0.000
1961   3   1    0.002    0.002    0.005    0.004    0.001    0.000    0.001    0.000    0.000      0.3      0.0        0      0.0      0.0        0      0.0        0      0.3    0.012    0.000    0.000    0.001    0.000    0.000      0.0      0.0      0.0      353    0.000    2.000    0.000    0.001    0.000    0.000    0.000    0.000
1961   3   2    0.002    0.002    0.005    0.004    0.001    0.000    0.001    0.000    0.000      0.3      0.0        0      0.0      0.0        0      0.0        0      0.4    0.012    0.000    0.000    0.001    0.000    0.000      0.0      0.0      0.0      353    0.000    2.000    0.000    0.002    0.000    0.000    0.000    0.000
1961   3   3    0.002    0.002    0.005    0.004    0.001    0.000    0.001    0.000    0.000      0.3      0.0        0      0.0      0.0        0      0.0        0      0.4    0.013    0.000    0.000    0.001    0.000    0.000      0.0      0.0      0.0      353    0.000    2.000    0.000    0.002    0.000    0.000    0.000    0.000
1961   3   4    0.002    0.002    0.005    0.004    0.001    0.000    0.001    0.000    0.000      0.3      0.0        0      0.0      0.0        0      0.0        0      0.4    0.013    0.000    0.000    0.001    0.000    0.000      0.0      0.0      0.0      355    0.000    0.020    0.000    0.002    0.000    0.000    0.000    0.000
1961   3   5    0.002    0.002    0.005    0.004    0.001    0.000    0.001    0.000    0.000      0.3      0.0        0      0.0      0.0        0      0.0        0      0.4    0.013    0.000    0.000    0.001    0.000    0.000      0.0      0.0      0.0      356    0.000    0.066    0.000    0.002    0.000    0.000    0.000    0.000
1961   3   6    0.002    0.002    0.004    0.003    0.001    0.000    0.001    0.000    0.000      0.3      0.0        0      0.0      0.0        0      0.0        0      0.4    0.013    0.000    0.000    0.001    0.000    0.000      0.0      0.0      0.0      358    0.000    0.006    0.000    0.002    0.000    0.000    0.000    0.000
1961   3   7    0.002    0.002    0.004    0.003    0.001    0.000    0.001    0.000    0.000      0.3      0.0        0      0.0      0.0        0      0.0        0      0.4    0.013    0.000    0.000    0.001    0.000    0.000      0.0      0.0      0.0      360    0.000    0.006    0.000    0.002    0.000    0.000    0.000    0.000
1961   3   8    0.002    0.002    0.004    0.003    0.001    0.000    0.001    0.000    0.000      0.3      0.0        0      0.0      0.0        0      0.0        0      0.4    0.014    0.000    0.000    0.001    0.000    0.000      0.0      0.0      0.0      362    0.000    0.002    0.000    0.002    0.000    0.000    0.000    0.000
1961   3   9    0.002    0.002    0.004    0.003    0.001    0.000    0.001    0.000    0.000      0.4      0.0        0      0.0      0.0        0      0.0        0      0.4    0.014    0.000    0.000    0.001    0.000    0.000      0.0      0.0      0.0      364    0.000    0.014    0.000    0.002    0.000    0.000    0.000    0.000
1961   3  10    0.002    0.002    0.004    0.003    0.001    0.000    0.001    0.000    0.000      0.4      0.0        0      0.0      0.0        0      0.0        0      0.4    0.014    0.000    0.000    0.001    0.000    0.000      0.0      0.0      0.0      366    0.000    0.002    0.000    0.002    0.000    0.000    0.000    0.000
1961   3  11    0.002    0.002    0.005    0.004    0.001    0.000    0.001    0.000    0.000      0.4      0.0        0      0.0      0.0        0      0.0        0      0.4    0.014    0.000    0.000    0.001    0.000    0.000      0.0      0.0      0.0      368    0.000    0.001    0.000    0.002    0.000    0.000    0.000    0.000
1961   3  12    0.002    0.002    0.007    0.006    0.001    0.000    0.001    0.000    0.000      0.4      0.0        0      0.0      0.0        0      0.0        0      0.4    0.014    0.000    0.000    0.001    0.000    0.000      0.0      0.0      0.0      370    0.000    0.066    0.000    0.002    0.000    0.000    0.000    0.000
1961   3  13    0.002    0.002    0.008    0.007    0.002    0.000    0.001    0.000    0.000      0.4      0.0        0      0.0      0.0        0      0.0        0      0.4    0.015    0.000    0.000    0.001    0.000    0.000      0.0      0.0      0.0      372    0.000    0.096    0.000    0.002    0.000    0.000    0.000    0.000
1961   3  14    0.002    0.002    0.008    0.006    0.001    0.000    0.001    0.000    0.000      0.4      0.0        0      0.0      0.0        0      0.0        0      0.4    0.015    0.000    0.000    0.001    0.000    0.000      0.0      0.0      0.0      372    0.000    1.293    0.000    0.002    0.000    0.000    0.000    0.000
1961   3  15    0.002    0.002    0.007    0.005    0.001    0.000    0.001    0.000    0.000      0.4      0.0        0      0.0      0.0        0      0.0        0      0.4    0.015    0.000    0.000    0.001    0.000    0.000      0.0      0.0      0.0      374    0.000    0.017    0.000    0.002    0.000    0.000    0.000    0.000
1961   3  16    0.002    0.002    0.006    0.005    0.001    0.000    0.001    0.000    0.000      0.4      0.0        0      0.0      0.0        0      0.0        0      0.4    0.015    0.000    0.000    0.001    0.000    0.000      0.0      0.0      0.0      376    0.000    0.002    0.000    0.002    0.000    0.000    0.000    0.000
1961   3  17    0.002    0.002    0.008    0.006    0.001    0.000    0.001    0.000    0.000      0.4      0.0        0      0.0      0.0        0      0.0        0      0.4    0.015    0.000    0.000    0.001    0.000    0.000      0.0      0.0      0.0      378    0.000    0.107    0.000    0.002    0.000    0.000    0.000    0.000
1961   3  18    0.002    0.002    0.008    0.006    0.001    0.000    0.001    0.000    0.000      0.4      0.0        0      0.0      0.0        0      0.0        0      0.4    0.016    0.000    0.000    0.001    0.000    0.000      0.0      0.0      0.0      378    0.000    2.000    0.000    0.002    0.000    0.000    0.000    0.000
1961   3  19    0.002    0.002    0.008    0.006    0.001    0.000    0.001    0.000    0.000      0.4      0.0        0      0.0      0.0        0      0.0        0      0.5    0.016    0.000    0.000    0.001    0.000    0.000      0.0      0.0      0.0      378    0.000    2.000    0.000    0.002    0.000    0.000    0.000    0.000
1961   3  20    0.002    0.002    0.008    0.006    0.001    0.000    0.001    0.000    0.000      0.4      0.0        0      0.0      0.0        0      0.0        0      0.5    0.016    0.000    0.000    0.001    0.000    0.000      0.0      0.0      0.0      378    0.000    2.000    0.000    0.002    0.000    0.000    0.000    0.000
1961   3  21    0.002    0.002    0.007    0.006    0.001    0.000    0.001    0.000    0.000      0.4      0.0        0      0.0      0.0        0      0.0        0      0.5    0.016    0.000    0.000    0.001    0.000    0.000      0.0      0.0      0.0      380    0.000    0.003    0.000    0.002    0.000    0.000    0.000    0.000
1961   3  22    0.002    0.002    0.006    0.005    0.001    0.000    0.001    0.000    0.000      0.4      0.0        0      0.0      0.0        0      0.0        0      0.5    0.017    0.000    0.000    0.002    0.000    0.000      0.0      0.0      0.0      382    0.000    0.008    0.000    0.002    0.000    0.000    0.000    0.000
1961   3  23    0.002    0.002    0.007    0.005    0.001    0.000    0.001    0.000    0.000      0.4      0.0        0      0.0      0.0        0      0.0        0      0.5    0.017    0.000    0.000    0.002    0.000    0.000      0.0      0.0      0.0      384    0.000    0.002    0.000    0.002    0.000    0.000    0.000    0.000
1961   3  24    0.002    0.002    0.007    0.005    0.001    0.000    0.001    0.000    0.000      0.4      0.0        0      0.0      0.0        0      0.0        0      0.5    0.017    0.000    0.000    0.002    0.000    0.000      0.0      0.0      0.0      385    0.000    0.000    0.000    0.002    0.000    0.000    0.000    0.000
1961   3  25    0.002    0.002    0.013    0.010    0.002    0.000    0.002    0.000    0.000      0.4      0.0        0      0.0      0.0        0      0.0        0      0.5    0.017    0.000    0.000    0.002    0.000    0.000      0.0      0.0      0.0      387    0.000    0.001    0.000    0.002    0.000    0.000    0.000    0.000
1961   3  26    0.002    0.002    0.017    0.014    0.003    0.000    0.003    0.000    0.000      0.4      0.0        0      0.0      0.0        0      0.0        0      0.5    0.017    0.000    0.000    0.002    0.000    0.000      0.0      0.0      0.0      389    0.000    0.104    0.000    0.002    0.000    0.000    0.000    0.000
1961   3  27    0.002    0.002    0.014    0.012    0.002    0.000    0.002    0.000    0.000      0.5      0.0        0      0.0      0.0        0      0.0        0      0.5    0.018    0.000    0.000    0.002    0.000    0.000      0.0      0.0      0.0      390    0.000    1.293    0.000    0.001    0.000    0.000    0.000    0.000
1961   3  28    0.002    0.002    0.014    0.011    0.002    0.000    0.002    0.000    0.000      0.5      0.0        0      0.0      0.0        0      0.0        0      0.5    0.018    0.000    0.000    0.002    0.000    0.000      0.0      0.0      0.0      390    0.000    2.000    0.000    0.001    0.000    0.000    0.000    0.000
1961   3  29    0.002    0.002    0.014    0.011    0.002    0.000    0.002    0.000    0.000      0.5      0.0        0      0.0      0.0        0      0.0        0      0.5    0.018    0.000    0.000    0.002    0.000    0.000      0.0      0.0      0.0      390    0.000    2.000    0.000    0.001    0.000    0.000    0.000    0.000
1961   3  30    0.002    0.002    0.013    0.011    0.002    0.000    0.002    0.000    0.000      0.5      0.0        0      0.0      0.0        0      0.0        0      0.5    0.018    0.000    0.000    0.002    0.000    0.000      0.0      0.0      0.0      390    0.000    2.000    0.000    0.001    0.000    0.000    0.000    0.000
1961   3  31    0.002    0.002    0.012    0.010    0.002    0.000    0.002    0.000    0.000      0.5      0.0        0      0.0      0.0        0      0.0        0      0.5    0.019    0.000    0.000    0.002    0.000    0.000      0.0      0.0      0.0      390    0.000    2.000    0.000    0.001    0.000    0.000    0.000    0.000
1961   4   1    0.002    0.002    0.012    0.010    0.002    0.000    0.002    0.000    0.000      0.5      0.0        0      0.0      0.0        0      0.0        0      0.5    0.019    0.000    0.000    0.002    0.000    0.000      0.0      0.0      0.0      390    0.000    2.000    0.000    0.001    0.000    0.000    0.000    0.000
1961   4   2    0.002    0.002    0.012    0.010    0.002    0.000    0.002    0.000    0.000      0.5      0.0        0      0.0      0.0        0      0.0        0      0.5    0.019    0.000    0.000    0.002    0.000    0.000      0.0      0.0      0.0      391    0.000    0.695    0.000    0.001    0.000    0.000    0.000    0.000
1961   4   3    0.002    0.002    0.011    0.009    0.002    0.000    0.002    0.000    0.000      0.5      0.0        0      0.0      0.0        0      0.0        0      0.6    0.019    0.000    0.000    0.002    0.000    0.000      0.0      0.0      0.0      392    0.000    1.324    0.000    0.001    0.000    0.000    0.000    0.000
1961   4   4    0.002    0.002    0.011    0.009    0.002    0.000    0.002    0.000    0.000      0.5      0.0        0      0.1      0.0        0      0.0        0      0.6    0.020    0.000    0.000    0.002    0.000    0.000      0.0      0.0      0.0      392    0.000    2.000    0.000    0.001    0.000    0.000    0.000    0.000
1961   4   5    0.003    0.003    0.011    0.009    0.002    0.000    0.002    0.000    0.000      0.5      0.0        0      0.1      0.0        0      0.0        0      0.6    0.020    0.000    0.000    0.002    0.000    0.000      0.0      0.0      0.0      394    0.000    0.001    0.000    0.002    0.000    0.000    0.000    0.000
1961   4   6    0.003    0.003    0.013    0.011    0.002    0.000    0.002    0.000    0.000      0.5      0.0        0      0.1      0.0        0      0.0        0      0.6    0.020    0.000    0.000    0.002    0.000    0.000      0.0      0.0      0.0      396    0.000    0.002    0.000    0.002    0.000    0.000    0.000    0.000
1961   4   7    0.003    0.003    0.014    0.012    0.002    0.000    0.002    0.000    0.000      0.5      0.0        0      0.1      0.0        0      0.0        0      0.6    0.020    0.000    0.000    0.002    0.000    0.000      0.0      0.0      0.0      398    0.000    0.066    0.000    0.002    0.000    0.000    0.000    0.001
1961   4   8    0.003    0.003    0.014    0.011    0.002    0.000    0.002    0.000    0.000      0.5      0.0        0      0.1      0.0        0      0.0        0      0.6    0.021    0.000    0.000    0.002    0.000    0.000      0.0      0.0      0.0      399    0.000    0.100    0.000    0.002    0.000    0.000    0.000    0.001
1961   4   9    0.003    0.003    0.013    0.011    0.002    0.000    0.002    0.000    0.000      0.5      0.0        0      0.1      0.0        0      0.0        0      0.6    0.021    0.000    0.000    0.002    0.000    0.000      0.0      0.0      0.0      401    0.000    0.077    0.000    0.002    0.000    0.000    0.000    0.001
1961   4  10    0.003    0.003    0.012    0.010    0.002    0.000    0.002    0.000    0.000      0.5      0.0        0      0.1      0.0        0      0.0        0      0.6    0.021    0.000    0.000    0.002    0.000    0.000      0.0      0.0      0.0      403    0.000    0.008    0.000    0.002    0.000    0.000    0.000    0.001
1961   4  11    0.003    0.003    0.013    0.011    0.002    0.000    0.002    0.000    0.000      0.5      0.0        0      0.1      0.0        0      0.0        0      0.6    0.021    0.000    0.000    0.002    0.000    0.000      0.0      0.0      0.0      405    0.000    0.004    0.000    0.002    0.000    0.000    0.000    0.001
1961   4  12    0.003    0.003    0.013    0.011    0.002    0.000    0.002    0.000    0.000      0.5      0.0        0      0.1      0.0        0      0.0        0      0.6    0.021    0.000    0.000    0.002    0.000    0.000      0.0      0.0      0.0      407    0.000    0.017    0.000    0.002    0.000    0.000    0.000    0.001
1961   4  13    0.003    0.003    0.013    0.011    0.002    0.000    0.002    0.000    0.000      0.6      0.0        0      0.1      0.0        0      0.0        0      0.6    0.022    0.000    0.000    0.002    0.000    0.000      0.0      0.0      0.0      409    0.000    0.001    0.000    0.002    0.000    0.000    0.000    0.001
1961   4  14    0.003    0.003    0.017    0.014    0.003    0.000    0.002    0.000    0.000      0.6      0.0        0      0.1      0.0        0      0.0        0      0.6    0.022    0.000    0.000    0.002    0.000    0.000      0.0      0.0      0.0      411    0.000    0.098    0.000    0.002    0.000    0.000    0.000    0.001
1961   4  15    0.003    0.003    0.016    0.013    0.003    0.000    0.002    0.000    0.000      0.6      0.0        0      0.1      0.0        0      0.0        0      0.6    0.022    0.000    0.000    0.002    0.000    0.000      0.0      0.0      0.0      411    0.000    1.293    0.000    0.002    0.000    0.000    0.000    0.001
1961   4  16    0.003    0.003    0.015    0.013    0.003    0.000    0.002    0.000    0.000      0.6      0.0        0      0.1      0.0        0      0.0        0      0.6    0.022    0.000    0.000    0.002    0.000    0.000      0.0      0.0      0.0      413    0.000    0.006    0.000    0.002    0.000    0.000    0.000    0.001
1961   4  17    0.003    0.003    0.014    0.012    0.002    0.000    0.002    0.000    0.000      0.6      0.0        0      0.1      0.0        0      0.0        0      0.6    0.023    0.000    0.000    0.002    0.000    0.000      0.0      0.0      0.0      415    0.000    0.001    0.000    0.002    0.000    0.000    0.000    0.001
1961   4  18    0.003    0.003    0.017    0.014    0.003    0.000    0.002    0.000    0.000      0.6      0.0        0      0.1      0.0        0      0.0        0      0.7    0.023    0.000    0.000    0.002    0.000    0.000      0.0      0.0      0.0      417    0.000    0.005    0.000    0.002    0.000    0.000    0.000    0.001
1961   4  19    0.003    0.003    0.018    0.015    0.003    0.000    0.003    0.000    0.000      0.6      0.0        0      0.1      0.0        0      0.0        0      0.7    0.023    0.000    0.000    0.002    0.000    0.000      0.0      0.0      0.0      419    0.000    0.002    0.000    0.002    0.000    0.000    0.000    0.001
1961   4  20    0.003    0.003    0.019    0.016    0.003    0.000    0.003    0.000    0.000      0.6      0.0        0      0.1      0.0        0      0.0        0      0.7    0.023    0.000    0.000    0.002    0.000    0.000      0.0      0.0      0.0      421    0.000    0.001    0.000    0.002    0.000    0.000    0.000    0.001
1961   4  21    0.003    0.003    0.025    0.021    0.004    0.000    0.004    0.000    0.000      0.6      0.0        0      0.1      0.0        0      0.0        0      0.7    0.024    0.000    0.000    0.002    0.000    0.000      0.0      0.0      0.0      421    0.000    0.001    0.000    0.002    0.000    0.000    0.000    0.001
1961   4  22    0.003    0.003    0.033    0.027    0.005    0.001    0.005    0.000    0.000      0.6      0.0        0      0.1      0.0        0      0.0        0      0.7    0.024    0.000    0.000    0.002    0.000    0.000      0.0      0.0      0.0      422    0.000    0.254    0.000    0.002    0.000    0.000    0.000    0.001
1961   4  23    0.003    0.003    0.028    0.023    0.004    0.000    0.004    0.000    0.000      0.6      0.0        0      0.1      0.0        0      0.0        0      0.7    0.024    0.000    0.000    0.002    0.000    0.000      0.0      0.0      0.0      422    0.000    0.001    0.000    0.002    0.000    0.000    0.000    0.001
1961   4  24    0.003    0.003    0.034    0.028    0.005    0.001    0.005    0.000    0.000      0.6      0.0        0      0.1      0.0        0      0.0        0      0.7    0.025    0.000    0.000    0.002    0.000    0.000      0.0      0.0      0.0      423    0.000    0.001    0.000    0.002    0.000    0.000    0.000    0.001
1961   4  25    0.003    0.003    0.033    0.028    0.005    0.001    0.005    0.000    0.000      0.6      0.0        0      0.1      0.0        0      0.0        0      0.7    0.025    0.000    0.000    0.002    0.000    0.000      0.0      0.0      0.0      423    0.000    0.002    0.000    0.002    0.000    0.000    0.000    0.001
1961   4  26    0.003    0.003    0.034    0.029    0.005    0.000    0.005    0.000    0.000      0.6      0.0        0      0.1      0.0        0      0.0        0      0.7    0.025    0.000    0.000    0.002    0.000    0.000      0.0      0.0      0.0      425    0.000    0.005    0.000    0.002    0.000    0.000    0.000    0.001
1961   4  27    0.003    0.003    0.031    0.027    0.005    0.000    0.004    0.000    0.000      0.7      0.0        0      0.1      0.0        0      0.0        0      0.7    0.026    0.000    0.000    0.002    0.000    0.000      0.0      0.0      0.0      426    0.000    0.100    0.000    0.002    0.000    0.000    0.000    0.001
1961   4  28    0.003    0.003    0.029    0.024    0.005    0.000    0.004    0.000    0.000      0.7      0.0        0      0.1      0.0        0      0.0        0      0.7    0.026    0.000    0.000    0.002    0.000    0.000      0.0      0.0      0.0      426    0.000    2.000    0.000    0.002    0.000    0.000    0.000    0.001
1961   4  29    0.003    0.003    0.027    0.023    0.004    0.000    0.004    0.000    0.000      0.7      0.0        0      0.1      0.0        0      0.0        0      0.8    0.026    0.000    0.000    0.002    0.000    0.000      0.0      0.0      0.0      426    0.000    2.000    0.000    0.001    0.000    0.000    0.000    0.001
1961   4  30    0.003    0.003    0.026    0.022    0.004    0.000    0.004    0.000    0.000      0.7      0.0        0      0.1      0.0        0      0.0        0      0.8    0.027    0.000    0.000    0.002    0.000    0.000      0.0      0.0      0.0      427    0.000    0.057    0.000    0.001    0.000    0.000    0.000    0.001
1961   5   1    0.004    0.004    0.025    0.021    0.004    0.001    0.004    0.000    0.000      0.7      0.0        0      0.1      0.0        0      0.0        0      0.8    0.027    0.000    0.000    0.002    0.000    0.000      0.0      0.0      0.0      429    0.000    0.066    0.000    0.001    0.000    0.000    0.000    0.001
1961   5   2    0.004    0.004    0.024    0.020    0.004    0.001    0.003    0.000    0.000      0.7      0.0        0      0.1      0.0        0      0.0        0      0.8    0.027    0.000    0.000    0.002    0.000    0.000      0.0      0.0      0.0      431    0.000    0.107    0.000    0.001    0.000    0.000    0.000    0.001
1961   5   3    0.004    0.004    0.023    0.019    0.004    0.001    0.003    0.000    0.000      0.7      0.0        0      0.1      0.0        0      0.0        0      0.8    0.027    0.000    0.000    0.002    0.000    0.000      0.0      0.0      0.0      432    0.000    0.001    0.000    0.002    0.000    0.000    0.000    0.001
1961   5   4    0.004    0.004    0.030    0.025    0.005    0.001    0.004    0.000    0.000      0.7      0.0        0      0.1      0.0        0      0.0        0      0.8    0.028    0.000    0.000    0.003    0.000    0.000      0.0      0.0      0.0      433    0.000    0.280    0.000    0.002    0.000    0.000    0.000    0.001
1961   5   5    0.004    0.004    0.027    0.023    0.004    0.000    0.004    0.000    0.000      0.7      0.0        0      0.1      0.0        0      0.0        0      0.8    0.028    0.000    0.000    0.003    0.000    0.000      0.0      0.0      0.0      433    0.000    2.000    0.000    0.001    0.000    0.000    0.000    0.001
1961   5   6    0.004    0.004    0.026    0.022    0.004    0.000    0.004    0.000    0.000      0.7      0.0        0      0.1      0.0        0      0.0        0      0.8    0.028    0.000    0.000    0.003    0.000    0.000      0.0      0.0      0.0      435    0.000    0.009    0.000    0.002    0.000    0.000    0.000    0.001
1961   5   7    0.004    0.004    0.026    0.022    0.004    0.001    0.004    0.000    0.000      0.7      0.0        0      0.1      0.0        0      0.0        0      0.8    0.029    0.000    0.000    0.003    0.000    0.000      0.0      0.0      0.0      436    0.000    0.103    0.000    0.001    0.000    0.000    0.000    0.001
1961   5   8    0.004    0.004    0.025    0.021    0.004    0.001    0.004    0.000    0.000      0.7      0.0        0      0.1      0.0        0      0.0        0      0.8    0.029    0.000    0.000    0.003    0.000    0.000      0.0      0.0      0.0      438    0.000    0.026    0.000    0.002    0.000    0.000    0.000    0.001
1961   5   9    0.004    0.004    0.024    0.020    0.004    0.001    0.003    0.000    0.000      0.7      0.0        0      0.1      0.0        0      0.0        0      0.8    0.029    0.000    0.000    0.003    0.000    0.000      0.0      0.0      0.0      440    0.000    0.100    0.000    0.001    0.000    0.000    0.000    0.001
1961   5  10    0.004    0.004    0.023    0.019    0.004    0.001    0.003    0.000    0.000      0.7      0.0        0      0.1      0.0        0      0.0        0      0.8    0.029    0.000    0.000    0.003    0.000    0.000      0.0      0.0      0.0      439    0.000    2.000    0.000    0.001    0.000    0.000    0.000    0.001
1961   5  11    0.004    0.004    0.022    0.019    0.004    0.001    0.003    0.000    0.000      0.8      0.0        0      0.1      0.0        0      0.0        0      0.9    0.030    0.000    0.000    0.003    0.000    0.000      0.0      0.0      0.0      441    0.000    0.006    0.000    0.002    0.000    0.000    0.000    0.001
1961   5  12    0.004    0.004    0.023    0.019    0.004    0.001    0.003    0.000    0.000      0.8      0.0        0      0.1      0.0        0      0.0        0      0.9    0.030    0.000    0.000    0.003    0.000    0.000      0.0      0.0      0.0      443    0.000    0.001    0.000    0.002    0.000    0.000    0.000    0.001
1961   5  13    0.004    0.004    0.026    0.022    0.004    0.000    0.004    0.000    0.000      0.8      0.0        0      0.1      0.0        0      0.0        0      0.9    0.030    0.000    0.000    0.003    0.000    0.000      0.0      0.0      0.0      444    0.000    0.102    0.000    0.002    0.000    0.000    0.000    0.001
1961   5  14    0.004    0.004    0.025    0.021    0.004    0.001    0.003    0.000    0.000      0.8      0.0        0      0.1      0.0        0      0.0        0      0.9    0.030    0.000    0.000    0.003    0.000    0.000      0.0      0.0      0.0      446    0.000    0.009    0.000    0.002    0.000    0.000    0.000    0.001
1961   5  15    0.004    0.004    0.024    0.020    0.004    0.001    0.003    0.000    0.000      0.8      0.0        0      0.1      0.0        0      0.0        0      0.9    0.031    0.000    0.000    0.003    0.000    0.000      0.0      0.0      0.0      448    0.000    0.103    0.000    0.002    0.000    0.000    0.000    0.001
1961   5  16    0.004    0.004    0.022    0.019    0.004    0.001    0.003    0.000    0.000      0.8      0.0        0      0.1      0.0        0      0.0        0      0.9    0.031    0.000    0.000    0.003    0.000    0.000      0.0      0.0      0.0      448    0.000    1.297    0.000    0.002    0.000    0.000    0.000    0.001
1961   5  17    0.004    0.004    0.022    0.018    0.004    0.001    0.003    0.000    0.000      0.8      0.0        0      0.1      0.0        0      0.0        0      0.9    0.031    0.000    0.000    0.003    0.000    0.000      0.0      0.0      0.0      449    0.000    0.695    0.000    0.002    0.000    0.000    0.000    0.001
1961   5  18    0.004    0.004    0.021    0.018    0.004    0.001    0.003    0.000    0.000      0.8      0.0        0      0.1      0.0        0      0.0        0      0.9    0.032    0.000    0.000    0.003    0.000    0.000      0.0      0.0      0.0      451    0.000    0.695    0.000    0.002    0.000    0.000    0.000    0.001
1961   5  19    0.004    0.004    0.022    0.018    0.004    0.001    0.003    0.000    0.000      0.8      0.0        0      0.1      0.0        0      0.0        0      0.9    0.032    0.000    0.000    0.003    0.000    0.000      0.0      0.0      0.0      452    0.000    0.001    0.000    0.002    0.000    0.000    0.000    0.001
1961   5  20    0.004    0.004    0.024    0.020    0.004    0.001    0.003    0.000    0.000      0.8      0.0        0      0.1      0.0        0      0.0        0      0.9    0.032    0.000    0.000    0.003    0.000    0.000      0.0      0.0      0.0      454    0.000    0.005    0.000    0.002    0.000    0.000    0.000    0.001
1961   5  21    0.004    0.004    0.025    0.021    0.004    0.001    0.004    0.000    0.000      0.8      0.0        0      0.1      0.0        0      0.0        0      0.9    0.032    0.000    0.000    0.003    0.000    0.000      0.0      0.0      0.0      456    0.000    0.001    0.000    0.002    0.000    0.000    0.000    0.001
1961   5  22    0.004    0.004    0.029    0.024    0.005    0.001    0.004    0.000    0.000      0.8      0.0        0      0.1      0.0        0      0.0        0      0.9    0.033    0.000    0.000    0.003    0.000    0.000      0.0      0.0      0.0      456    0.000    0.001    0.000    0.002    0.000    0.000    0.000    0.001
1961   5  23    0.004    0.004    0.043    0.036    0.007    0.001    0.006    0.000    0.000      0.8      0.0        0      0.1      0.0        0      0.0        0      1.0    0.033    0.000    0.000    0.003    0.000    0.000      0.0      0.0      0.0      458    0.000    0.001    0.000    0.002    0.000    0.000    0.000    0.001
1961   5  24    0.005    0.005    0.050    0.042    0.008    0.001    0.007    0.000    0.000      0.9      0.0        0      0.1      0.0        0      0.0        0      1.0    0.033    0.000    0.000    0.003    0.000    0.000      0.0      0.0      0.0      459    0.000    0.126    0.000    0.001    0.000    0.000    0.000    0.001
1961   5  25    0.005    0.005    0.043    0.036    0.007    0.001    0.006    0.000    0.000      0.9      0.0        0      0.1      0.0        0      0.0        0      1.0    0.034    0.000    0.000    0.003    0.000    0.000      0.0      0.0      0.0      461    0.000    0.014    0.000    0.001    0.000    0.000    0.000    0.001
1961   5  26    0.005    0.005    0.037    0.031    0.006    0.001    0.005    0.000    0.000      0.9      0.0        0      0.1      0.0        0      0.0        0      1.0    0.034    0.000    0.000    0.003    0.000    0.000      0.0      0.0      0.0      463    0.000    0.045    0.000    0.001    0.000    0.000    0.000    0.001
1961   5  27    0.005    0.005    0.034    0.028    0.006    0.001    0.005    0.000    0.000      0.9      0.0        0      0.1      0.0        0      0.0        0      1.0    0.034    0.000    0.000    0.003    0.000    0.000      0.0      0.0      0.0      465    0.000    0.100    0.000    0.001    0.000    0.000    0.000    0.001
1961   5  28    0.005    0.005    0.033    0.028    0.006    0.001    0.005    0.000    0.000      0.9      0.0        0      0.1      0.0        0      0.0        0      1.0    0.035    0.000    0.000    0.003    0.000    0.000      0.0      0.0      0.0      466    0.000    0.001    0.000    0.002    0.000    0.000    0.000    0.001
1961   5  29    0.005    0.005    0.043    0.036    0.007    0.001    0.006    0.000    0.000      0.9      0.0        0      0.1      0.0        0      0.0        0      1.0    0.035    0.000    0.000    0.003    0.000    0.000      0.0      0.0      0.0      467    0.000    0.208    0.000    0.002    0.000    0.000    0.000    0.001
1961   5  30    0.005    0.005    0.039    0.033    0.006    0.001    0.005    0.000    0.000      0.9      0.0        0      0.1      0.0        0      0.0        0      1.0    0.035    0.000    0.000    0.003    0.000    0.000      0.0      0.0      0.0      468    0.000    0.914    0.000    0.001    0.000    0.000    0.000    0.001
1961   5  31    0.005    0.005    0.036    0.030    0.006    0.001    0.005    0.000    0.000      0.9      0.0        0      0.1      0.0        0      0.0        0      1.0    0.036    0.000    0.000    0.003    0.000    0.000      0.0      0.0      0.0      470    0.000    0.047    0.000    0.001    0.000    0.000    0.000    0.001
1961   6   1    0.005    0.005    0.033    0.028    0.006    0.001    0.005    0.000    0.000      0.9      0.0        0      0.1      0.0        0      0.0        0      1.1    0.036    0.000    0.000    0.003    0.000    0.000      0.0      0.0      0.0      471    0.000    0.026    0.000    0.001    0.000    0.000    0.000    0.001
1961   6   2    0.005    0.005    0.034    0.028    0.006    0.001    0.005    0.000    0.000      0.9      0.0        0      0.1      0.0        0      0.0        0      1.1    0.036    0.000    0.000    0.003    0.000    0.000      0.0      0.0      0.0      473    0.000    0.001    0.000    0.002    0.000    0.000    0.000    0.001
1961   6   3    0.005    0.005    0.038    0.032    0.006    0.001    0.005    0.000    0.000      0.9      0.0        0      0.1      0.0        0      0.0        0      1.1    0.037    0.000    0.000    0.003    0.000    0.000      0.0      0.0      0.0      475    0.000    0.077    0.000    0.002    0.000    0.000    0.000    0.001
1961   6   4    0.005    0.005    0.037    0.031    0.006    0.001    0.005    0.000    0.000      0.9      0.0        0      0.1      0.0        0      0.0        0      1.1    0.037    0.000    0.000    0.003    0.000    0.000      0.0      0.0      0.0      476    0.000    0.003    0.000    0.002    0.000    0.000    0.000    0.001
1961   6   5    0.005    0.005    0.037    0.031    0.006    0.001    0.005    0.000    0.000      1.0      0.0        0      0.1      0.0        0      0.0        0      1.1    0.037    0.000    0.000    0.003    0.000    0.000      0.0      0.0      0.0      478    0.000    0.005    0.000    0.002    0.000    0.000    0.000    0.001
1961   6   6    0.005    0.005    0.036    0.030    0.006    0.001    0.005    0.000    0.000      1.0      0.0        0      0.1      0.0        0      0.0        0      1.1    0.038    0.000    0.000    0.003    0.000    0.000      0.0      0.0      0.0      480    0.000    0.003    0.000    0.002    0.000    0.000    0.000    0.001
1961   6   7    0.005    0.005    0.036    0.030    0.006    0.001    0.005    0.000    0.000      1.0      0.0        0      0.1      0.0        0      0.0        0      1.1    0.038    0.000    0.000    0.003    0.000    0.000      0.0      0.0      0.0      481    0.000    0.056    0.000    0.002    0.000    0.000    0.000    0.001
1961   6   8    0.005    0.005    0.034    0.028    0.006    0.001    0.005    0.000    0.000      1.0      0.0        0      0.1      0.0        0      0.0        0      1.1    0.038    0.000    0.000    0.003    0.000    0.000      0.0      0.0      0.0      483    0.000    0.002    0.000    0.002    0.000    0.000    0.000    0.001
1961   6   9    0.005    0.005    0.036    0.030    0.006    0.001    0.005    0.000    0.000      1.0      0.0        0      0.1      0.0        0      0.0        0      1.1    0.039    0.000    0.000    0.004    0.000    0.000      0.0      0.0      0.0      485    0.000    0.002    0.000    0.002    0.000    0.000    0.000    0.001
1961   6  10    0.005    0.005    0.038    0.032    0.006    0.001    0.005    0.000    0.000      1.0      0.0        0      0.1      0.0        0      0.0        0      1.1    0.039    0.000    0.000    0.004    0.000    0.000      0.0      0.0      0.0      487    0.000    0.003    0.000    0.002    0.000    0.000    0.000    0.001
1961   6  11    0.006    0.006    0.039    0.033    0.006    0.001    0.005    0.000    0.000      1.0      0.0        0      0.1      0.0        0      0.0        0      1.2    0.039    0.000    0.000    0.004    0.000    0.000      0.0      0.0      0.0      487    0.000    0.001    0.000    0.002    0.000    0.000    0.000    0.001
1961   6  12    0.006    0.006    0.052    0.044    0.008    0.001    0.007    0.000    0.000      1.0      0.0        0      0.1      0.0        0      0.0        0      1.2    0.040    0.000    0.000    0.004    0.000    0.000      0.0      0.0      0.0      488    0.000    0.001    0.000    0.002    0.000    0.000    0.000    0.001
1961   6  13    0.006    0.006    0.054    0.045    0.008    0.001    0.007    0.000    0.000      1.0      0.0        0      0.1      0.0        0      0.0        0      1.2    0.040    0.000    0.000    0.004    0.000    0.000      0.0      0.0      0.0      489    0.000    0.001    0.000    0.002    0.000    0.000    0.000    0.001
1961   6  14    0.006    0.006    0.056    0.047    0.009    0.001    0.008    0.000    0.000      1.0      0.0        0      0.1      0.0        0      0.0        0      1.2    0.040    0.000    0.000    0.004    0.000    0.000      0.0      0.0      0.0      491    0.000    0.018    0.000    0.002    0.000    0.000    0.000    0.001
1961   6  15    0.006    0.006    0.051    0.042    0.008    0.001    0.007    0.000    0.000      1.0      0.0        0      0.1      0.0        0      0.0        0      1.2    0.041    0.000    0.000    0.004    0.000    0.000      0.0      0.0      0.0      492    0.000    0.107    0.000    0.001    0.000    0.000    0.000    0.001
1961   6  16    0.006    0.006    0.046    0.038    0.008    0.001    0.006    0.000    0.000      1.1      0.0        0      0.1      0.0        0      0.0        0      1.2    0.041    0.000    0.000    0.004    0.000    0.000      0.0      0.0      0.0      492    0.000    2.000    0.000    0.001    0.000    0.000    0.000    0.001
1961   6  17    0.006    0.006    0.043    0.036    0.007    0.001    0.006    0.000    0.000      1.1      0.0        0      0.1      0.0        0      0.0        0      1.2    0.042    0.000    0.000    0.004    0.000    0.000      0.0      0.0      0.0      492    0.000    2.000    0.000    0.001    0.000    0.000    0.000    0.001
1961   6  18    0.006    0.006    0.040    0.033    0.007    0.001    0.005    0.000    0.000      1.1      0.0        0      0.1      0.0        0      0.0        0      1.2    0.042    0.000    0.000    0.004    0.000    0.000      0.0      0.0      0.0      492    0.000    2.000    0.000    0.001    0.000    0.000    0.000    0.001
1961   6  19    0.006    0.006    0.037    0.030    0.006    0.001    0.005    0.000    0.000      1.1      0.0        0      0.1      0.0        0      0.0        0      1.2    0.042    0.000    0.000    0.004    0.000    0.000      0.0      0.0      0.0      491    0.000    2.000    0.000    0.001    0.000    0.000    0.000    0.001
1961   6  20    0.006    0.006    0.035    0.029    0.006    0.001    0.005    0.000    0.000      1.1      0.0        0      0.1      0.0        0      0.0        0      1.3    0.043    0.000    0.000    0.004    0.000    0.000      0.0      0.0      0.0      493    0.000    0.003    0.000    0.002    0.000    0.000    0.000    0.001
1961   6  21    0.006    0.006    0.036    0.030    0.006    0.001    0.005    0.000    0.000      1.1      0.0        0      0.1      0.0        0      0.0        0      1.3    0.043    0.000    0.000    0.004    0.000    0.000      0.0      0.0      0.0      495    0.000    0.103    0.000    0.002    0.000    0.000    0.000    0.001
1961   6  22    0.006    0.006    0.034    0.028    0.006    0.001    0.005    0.000    0.000      1.1      0.0        0      0.1      0.0        0      0.0        0      1.3    0.043    0.000    0.000    0.004    0.000    0.000      0.0      0.0      0.0      495    0.000    1.297    0.000    0.001    0.000    0.000    0.000    0.001
1961   6  23    0.006    0.006    0.032    0.026    0.006    0.001    0.004    0.000    0.000      1.1      0.0        0      0.1      0.0        0      0.0        0      1.3    0.043    0.000    0.000    0.004    0.000    0.000      0.0      0.0      0.0      495    0.000    2.000    0.000    0.001    0.000    0.000    0.000    0.001
1961   6  24    0.006    0.006    0.031    0.025    0.005    0.001    0.004    0.000    0.000      1.1      0.0        0      0.1      0.0        0      0.0        0      1.3    0.044    0.000    0.000    0.004    0.000    0.000      0.0      0.0      0.0      495    0.000    2.000    0.000    0.001    0.000    0.000    0.000    0.001
1961   6  25    0.006    0.006    0.030    0.025    0.005    0.001    0.004    0.000    0.000      1.1      0.0        0      0.1      0.0        0      0.0        0      1.3    0.044    0.000    0.000    0.004    0.000    0.000      0.0      0.0      0.0      495    0.000    2.000    0.000    0.001    0.000    0.000    0.000    0.001
1961   6  26    0.006    0.006    0.029    0.023    0.005    0.001    0.004    0.000    0.000      1.1      0.0        0      0.1      0.0        0      0.0        0      1.3    0.044    0.000    0.000    0.004    0.000    0.000      0.0      0.0      0.0      495    0.000    2.000    0.000    0.001    0.000    0.000    0.000    0.001
1961   6  27    0.006    0.006    0.029    0.024    0.005    0.001    0.004    0.000    0.000      1.1      0.0        0      0.1      0.0        0      0.0        0      1.3    0.045    0.000    0.000    0.004    0.000    0.000      0.0      0.0      0.0      497    0.000    0.002    0.000    0.002    0.000    0.000    0.000    0.001
1961   6  28    0.007    0.007    0.032    0.026    0.006    0.001    0.004    0.000    0.000      1.1      0.0        0      0.1      0.0        0      0.0        0      1.3    0.045    0.000    0.000    0.004    0.000    0.000      0.0      0.0      0.0      498    0.000    0.093    0.000    0.002    0.000    0.000    0.000    0.001
1961   6  29    0.007    0.007    0.029    0.024    0.005    0.001    0.004    0.000    0.000      1.2      0.0        0      0.1      0.0        0      0.0        0      1.3    0.045    0.000    0.000    0.004    0.000    0.000      0.0      0.0      0.1      500    0.000    0.677    0.000    0.002    0.000    0.000    0.000    0.001
1961   6  30    0.007    0.007    0.026    0.021    0.005    0.001    0.004    0.000    0.000      1.2      0.0        0      0.1      0.0        0      0.0        0      1.3    0.045    0.000    0.000    0.004    0.000    0.000      0.0      0.0      0.1      501    0.000    0.695    0.000    0.002    0.000    0.000    0.000    0.001
1961   7   1    0.007    0.007    0.025    0.021    0.005    0.001    0.004    0.000    0.000      1.2      0.0        0      0.1      0.0        0      0.0        0      1.3    0.046    0.000    0.000    0.004    0.000    0.000      0.0      0.0      0.1      501    0.000    1.327    0.000    0.002    0.000    0.000    0.000    0.001
1961   7   2    0.007    0.007    0.026    0.021    0.005    0.001    0.004    0.000    0.000      1.2      0.0        0      0.1      0.0        0      0.0        0      1.4    0.046    0.000    0.000    0.004    0.000    0.000      0.0      0.0      0.1      502    0.000    0.001    0.000    0.002    0.000    0.000    0.000    0.001
1961   7   3    0.007    0.007    0.078    0.066    0.012    0.002    0.010    0.000    0.000      1.2      0.0        0      0.1      0.0        0      0.0        0      1.4    0.046    0.000    0.000    0.004    0.000    0.000      0.0      0.0      0.1      504    0.000    0.001    0.000    0.002    0.000    0.000    0.000    0.001
1961   7   4    0.007    0.007    0.072    0.061    0.012    0.002    0.010    0.000    0.000      1.2      0.0        0      0.1      0.0        0      0.0        0      1.4    0.047    0.000    0.000    0.004    0.000    0.000      0.0      0.0      0.1      505    0.000    0.006    0.000    0.002    0.000    0.000    0.000    0.001
1961   7   5    0.007    0.007    0.064    0.053    0.010    0.002    0.008    0.000    0.000      1.2      0.0        0      0.1      0.0        0      0.0        0      1.4    0.047    0.000    0.000    0.004    0.000    0.000      0.0      0.0      0.1      507    0.000    0.105    0.000    0.002    0.000    0.000    0.000    0.001
1961   7   6    0.007    0.007    0.056    0.046    0.009    0.002    0.007    0.000    0.000      1.2      0.0        0      0.1      0.0        0      0.0        0      1.4    0.048    0.000    0.000    0.004    0.000    0.000      0.0      0.0      0.1      508    0.000    1.297    0.000    0.001    0.000    0.000    0.000    0.001
1961   7   7    0.007    0.007    0.052    0.043    0.009    0.002    0.007    0.000    0.000      1.2      0.0        0      0.1      0.0        0      0.0        0      1.4    0.048    0.000    0.000    0.004    0.000    0.000      0.0      0.0      0.1      507    0.000    2.000    0.000    0.001    0.000    0.000    0.000    0.001
1961   7   8    0.007    0.007    0.050    0.042    0.008    0.001    0.007    0.000    0.000      1.2      0.0        0      0.1      0.0        0      0.0        0      1.4    0.048    0.000    0.000    0.004    0.000    0.000      0.0      0.0      0.1      508    0.000    0.001    0.000    0.002    0.000    0.000    0.000    0.001
1961   7   9    0.007    0.007    0.073    0.061    0.011    0.002    0.010    0.000    0.000      1.3      0.0        0      0.1      0.0        0      0.0        0      1.5    0.049    0.001    0.000    0.004    0.000    0.000      0.0      0.0      0.1      509    0.000    0.004    0.000    0.002    0.000    0.000    0.000    0.001
1961   7  10    0.007    0.007    0.065    0.054    0.010    0.002    0.009    0.000    0.000      1.3      0.0        0      0.1      0.0        0      0.0        0      1.5    0.049    0.001    0.000    0.005    0.000    0.000      0.0      0.0      0.1      511    0.000    0.003    0.000    0.002    0.000    0.000    0.000    0.001
1961   7  11    0.007    0.007    0.063    0.053    0.010    0.002    0.008    0.000    0.000      1.3      0.0        0      0.1      0.0        0      0.0        0      1.5    0.050    0.001    0.000    0.005    0.000    0.000      0.0      0.0      0.1      512    0.000    0.001    0.000    0.002    0.000    0.000    0.000    0.001
1961   7  12    0.007    0.007    0.065    0.055    0.010    0.002    0.009    0.000    0.000      1.3      0.0        0      0.1      0.0        0      0.0        0      1.5    0.050    0.001    0.000    0.005    0.000    0.000      0.0      0.0      0.1      514    0.000    0.007    0.000    0.002    0.000    0.000    0.000    0.001
1961   7  13    0.008    0.008    0.059    0.049    0.010    0.002    0.008    0.000    0.000      1.3      0.0        0      0.1      0.0        0      0.0        0      1.5    0.051    0.001    0.000    0.005    0.000    0.000      0.0      0.0      0.1      515    0.000    0.107    0.000    0.002    0.000    0.000    0.000    0.001
1961   7  14    0.008    0.008    0.053    0.044    0.009    0.002    0.007    0.000    0.000      1.3      0.0        0      0.1      0.0        0      0.0        0      1.5    0.051    0.001    0.001    0.005    0.000    0.000      0.0      0.0      0.1      517    0.000    0.695    0.000    0.002    0.000    0.000    0.000    0.001
1961   7  15    0.008    0.008    0.055    0.046    0.009    0.002    0.007    0.000    0.000      1.3      0.0        0      0.1      0.0        0      0.0        0      1.5    0.051    0.001    0.001    0.005    0.000    0.000      0.0      0.0      0.1      518    0.000    0.007    0.000    0.002    0.000    0.000    0.000    0.001
1961   7  16    0.008    0.008    0.053    0.044    0.009    0.002    0.007    0.000    0.000      1.3      0.0        0      0.1      0.0        0      0.0        0      1.5    0.052    0.001    0.001    0.005    0.000    0.000      0.0      0.0      0.1      520    0.000    0.001    0.000    0.002    0.000    0.000    0.000    0.001
1961   7  17    0.008    0.008    0.055    0.046    0.009    0.002    0.007    0.000    0.000      1.3      0.0        0      0.1      0.0        0      0.0        0      1.6    0.052    0.001    0.001    0.005    0.000    0.000      0.0      0.0      0.1      522    0.000    0.006    0.000    0.002    0.000    0.000    0.000    0.001
1961   7  18    0.008    0.008    0.052    0.043    0.009    0.002    0.007    0.000    0.000      1.3      0.0        0      0.1      0.0        0      0.0        0      1.6    0.053    0.001    0.001    0.005    0.000    0.000      0.0      0.0      0.1      524    0.000    0.011    0.000    0.002    0.000    0.000    0.000    0.001
1961   7  19    0.008    0.008    0.052    0.043    0.009    0.002    0.007    0.000    0.000      1.4      0.0        0      0.1      0.0        0      0.0        0      1.6    0.053    0.001    0.001    0.005    0.000    0.000      0.0      0.0      0.1      525    0.000    0.008    0.000    0.002    0.000    0.000    0.000    0.001
1961   7  20    0.008    0.008    0.050    0.041    0.008    0.002    0.007    0.000    0.000      1.4      0.0        0      0.1      0.0        0      0.0        0      1.6    0.053    0.001    0.001    0.005    0.000    0.000      0.0      0.0      0.1      527    0.000    0.004    0.000    0.002    0.000    0.000    0.000    0.001
1961   7  21    0.008    0.008    0.049    0.041    0.008    0.002    0.007    0.000    0.000      1.4      0.0        0      0.1      0.0        0      0.0        0      1.6    0.054    0.001    0.001    0.005    0.000    0.000      0.0      0.0      0.1      529    0.000    0.101    0.000    0.002    0.000    0.000    0.000    0.001
1961   7  22    0.008    0.008    0.044    0.036    0.008    0.002    0.006    0.000    0.000      1.4      0.0        0      0.1      0.0        0      0.0        0      1.6    0.054    0.001    0.001    0.005    0.000    0.000      0.0      0.0      0.1      531    0.000    0.017    0.000    0.002    0.000    0.000    0.000    0.001
1961   7  23    0.008    0.008    0.043    0.036    0.008    0.002    0.006    0.000    0.000      1.4      0.0        0      0.1      0.0        0      0.0        0      1.6    0.054    0.001    0.001    0.005    0.000    0.000      0.0      0.0      0.1      532    0.000    0.096    0.000    0.002    0.000    0.000    0.000    0.001
1961   7  24    0.008    0.008    0.041    0.034    0.007    0.002    0.006    0.000    0.000      1.4      0.0        0      0.1      0.0        0      0.0        0      1.6    0.055    0.001    0.001    0.005    0.000    0.000      0.0      0.0      0.1      533    0.000    1.297    0.000    0.002    0.000    0.000    0.000    0.001
1961   7  25    0.008    0.008    0.041    0.034    0.007    0.002    0.006    0.000    0.000      1.4      0.0        0      0.1      0.0        0      0.0        0      1.6    0.055    0.001    0.001    0.005    0.000    0.000      0.0      0.0      0.1      535    0.000    0.004    0.000    0.002    0.000    0.000    0.000    0.001
1961   7  26    0.008    0.008    0.043    0.035    0.007    0.002    0.006    0.000    0.000      1.4      0.0        0      0.1      0.0        0      0.0        0      1.7    0.055    0.001    0.001    0.005    0.000    0.000      0.0      0.0      0.1      537    0.000    0.005    0.000    0.002    0.000    0.000    0.000    0.001
1961   7  27    0.009    0.009    0.042    0.034    0.007    0.002    0.006    0.000    0.000      1.4      0.0        0      0.1      0.0        0      0.0        0      1.7    0.056    0.001    0.001    0.005    0.000    0.000      0.0      0.0      0.1      538    0.000    0.007    0.000    0.002    0.000    0.000    0.000    0.001
1961   7  28    0.009    0.009    0.042    0.035    0.007    0.001    0.006    0.000    0.000      1.4      0.0        0      0.1      0.0        0      0.0        0      1.7    0.056    0.001    0.001    0.005    0.000    0.000      0.0      0.0      0.1      540    0.000    0.001    0.000    0.002    0.000    0.000    0.000    0.001
1961   7  29    0.009    0.009    0.054    0.045    0.009    0.002    0.007    0.000    0.000      1.4      0.0        0      0.1      0.0        0      0.0        0      1.7    0.056    0.001    0.001    0.005    0.000    0.000      0.0      0.0      0.1      542    0.000    0.001    0.000    0.002    0.000    0.000    0.000    0.001
1961   7  30    0.009    0.009    0.071    0.060    0.011    0.002    0.009    0.000    0.001      1.5      0.0        0      0.1      0.0        0      0.0        0      1.7    0.057    0.001    0.001    0.005    0.000    0.000      0.0      0.0      0.1      543    0.000    0.001    0.000    0.002    0.000    0.000    0.000    0.001
1961   7  31    0.009    0.009    0.093    0.079    0.014    0.002    0.012    0.000    0.001      1.5      0.0        0      0.1      0.0        0      0.0        0      1.7    0.057    0.001    0.001    0.005    0.000    0.000      0.0      0.0      0.1      544    0.000    0.002    0.000    0.002    0.000    0.000    0.000    0.001
1961   8   1    0.009    0.009    0.085    0.072    0.013    0.002    0.011    0.000    0.001      1.5      0.0        0      0.1      0.0        0      0.0        0      1.7    0.058    0.001    0.001    0.005    0.000    0.000      0.0      0.0      0.1      545    0.000    0.001    0.000    0.002    0.000    0.000    0.000    0.001
1961   8   2    0.009    0.009    0.087    0.073    0.014    0.002    0.011    0.000    0.001      1.5      0.0        0      0.2      0.0        0      0.0        0      1.8    0.059    0.001    0.001    0.005    0.000    0.000      0.0      0.0      0.1      547    0.000    0.003    0.000    0.002    0.000    0.000    0.000    0.001
1961   8   3    0.009    0.009    0.082    0.069    0.013    0.002    0.011    0.000    0.001      1.5      0.0        0      0.2      0.0        0      0.0        0      1.8    0.059    0.001    0.001    0.005    0.000    0.000      0.0      0.0      0.1      548    0.000    0.002    0.000    0.002    0.000    0.000    0.000    0.001
1961   8   4    0.009    0.009    0.078    0.066    0.013    0.002    0.010    0.000    0.001      1.5      0.0        0      0.2      0.0        0      0.0        0      1.8    0.060    0.001    0.001    0.005    0.000    0.000      0.0      0.0      0.1      550    0.000    0.002    0.000    0.002    0.000    0.000    0.000    0.001
1961   8   5    0.009    0.009    0.080    0.067    0.012    0.002    0.011    0.000    0.001      1.5      0.0        0      0.2      0.0        0      0.0        0      1.8    0.060    0.001    0.001    0.006    0.000    0.000      0.0      0.0      0.1      551    0.000    0.001    0.000    0.002    0.000    0.000    0.000    0.001
1961   8   6    0.009    0.009    0.078    0.066    0.013    0.002    0.010    0.000    0.001      1.6      0.0        0      0.2      0.0        0      0.0        0      1.8    0.061    0.001    0.001    0.006    0.000    0.000      0.0      0.0      0.1      552    0.000    0.001    0.000    0.002    0.000    0.000    0.000    0.002
1961   8   7    0.010    0.010    0.079    0.066    0.013    0.002    0.010    0.000    0.001      1.6      0.0        0      0.2      0.0        0      0.0        0      1.8    0.061    0.001    0.001    0.006    0.000    0.000      0.0      0.0      0.1      554    0.000    0.115    0.000    0.002    0.000    0.000    0.000    0.002
1961   8   8    0.010    0.010    0.072    0.060    0.012    0.002    0.009    0.000    0.001      1.6      0.0        0      0.2      0.0        0      0.0        0      1.9    0.062    0.001    0.001    0.006    0.000    0.000      0.0      0.0      0.1      554    0.000    1.290    0.000    0.001    0.000    0.000    0.000    0.002
1961   8   9    0.010    0.010    0.070    0.058    0.011    0.002    0.009    0.000    0.001      1.6      0.0        0      0.2      0.0        0      0.0        0      1.9    0.062    0.001    0.001    0.006    0.000    0.000      0.0      0.0      0.1      556    0.000    0.014    0.000    0.001    0.000    0.000    0.000    0.002
1961   8  10    0.010    0.010    0.065    0.054    0.011    0.002    0.009    0.000    0.001      1.6      0.0        0      0.2      0.0        0      0.0        0      1.9    0.062    0.001    0.001    0.006    0.000    0.000      0.0      0.0      0.1      558    0.000    0.014    0.000    0.002    0.000    0.000    0.000    0.002
1961   8  11    0.010    0.010    0.064    0.054    0.011    0.002    0.009    0.000    0.001      1.6      0.0        0      0.2      0.0        0      0.0        0      1.9    0.063    0.001    0.001    0.006    0.000    0.000      0.0      0.0      0.1      559    0.000    0.096    0.000    0.001    0.000    0.000    0.000    0.002
1961   8  12    0.010    0.010    0.059    0.049    0.010    0.002    0.008    0.000    0.000      1.6      0.0        0      0.2      0.0        0      0.0        0      1.9    0.063    0.001    0.001    0.006    0.000    0.000      0.0      0.0      0.1      561    0.000    0.001    0.000    0.002    0.000    0.000    0.000    0.002
1961   8  13    0.010    0.010    0.068    0.057    0.011    0.002    0.009    0.000    0.001      1.6      0.0        0      0.2      0.0        0      0.0        0      1.9    0.064    0.001    0.001    0.006    0.000    0.000      0.0      0.0      0.1      563    0.000    0.003    0.000    0.002    0.000    0.000    0.000    0.002
1961   8  14    0.010    0.010    0.065    0.054    0.011    0.002    0.009    0.000    0.001      1.7      0.0        0      0.2      0.0        0      0.0        0      1.9    0.064    0.001    0.001    0.006    0.000    0.000      0.0      0.0      0.1      564    0.000    0.097    0.000    0.002    0.000    0.000    0.000    0.002
1961   8  15    0.010    0.010    0.059    0.049    0.010    0.002    0.008    0.000    0.001      1.7      0.0        0      0.2      0.0        0      0.0        0      2.0    0.065    0.001    0.001    0.006    0.000    0.000      0.0      0.0      0.1      565    0.000    1.298    0.000    0.002    0.000    0.000    0.000    0.002
1961   8  16    0.010    0.010    0.057    0.048    0.010    0.002    0.008    0.000    0.001      1.7      0.0        0      0.2      0.0        0      0.0        0      2.0    0.065    0.001    0.001    0.006    0.000    0.000      0.0      0.0      0.1      567    0.000    0.026    0.000    0.002    0.000    0.000    0.000    0.002
1961   8  17    0.010    0.010    0.059    0.049    0.010    0.002    0.008    0.000    0.001      1.7      0.0        0      0.2      0.0        0      0.0        0      2.0    0.065    0.001    0.001    0.006    0.000    0.000      0.0      0.0      0.1      568    0.000    0.026    0.000    0.002    0.000    0.000    0.000    0.002
1961   8  18    0.011    0.011    0.057    0.048    0.009    0.002    0.008    0.000    0.000      1.7      0.0        0      0.2      0.0        0      0.0        0      2.0    0.066    0.001    0.001    0.006    0.000    0.000      0.0      0.0      0.1      570    0.000    0.092    0.000    0.002    0.000    0.000    0.000    0.002
1961   8  19    0.011    0.011    0.052    0.043    0.009    0.002    0.007    0.000    0.000      1.7      0.0        0      0.2      0.0        0      0.0        0      2.0    0.066    0.001    0.001    0.006    0.000    0.000      0.0      0.0      0.1      571    0.000    0.943    0.000    0.002    0.000    0.000    0.000    0.002
1961   8  20    0.011    0.011    0.048    0.040    0.008    0.002    0.006    0.000    0.000      1.7      0.0        0      0.2      0.0        0      0.0        0      2.0    0.067    0.001    0.001    0.006    0.000    0.000      0.0      0.0      0.1      571    0.000    2.000    0.000    0.002    0.000    0.000    0.000    0.002
1961   8  21    0.011    0.011    0.046    0.038    0.008    0.002    0.006    0.000    0.000      1.7      0.0        0      0.2      0.0        0      0.0        0      2.0    0.067    0.001    0.001    0.006    0.000    0.000      0.0      0.0      0.1      571    0.000    2.000    0.000    0.001    0.000    0.000    0.000    0.002
1961   8  22    0.011    0.011    0.044    0.036    0.008    0.002    0.006    0.000    0.000      1.7      0.0        0      0.2      0.0        0      0.0        0      2.0    0.067    0.001    0.001    0.006    0.000    0.000      0.0      0.0      0.1      571    0.000    2.000    0.000    0.001    0.000    0.000    0.000    0.002
1961   8  23    0.011    0.011    0.042    0.035    0.008    0.002    0.006    0.000    0.000      1.7      0.0        0      0.2      0.0        0      0.0        0      2.0    0.067    0.001    0.001    0.006    0.000    0.000      0.0      0.0      0.1      572    0.000    0.161    0.000    0.001    0.000    0.000    0.000    0.002
1961   8  24    0.011    0.011    0.040    0.032    0.007    0.002    0.005    0.000    0.000      1.7      0.0        0      0.2      0.0        0      0.0        0      2.1    0.068    0.001    0.001    0.006    0.000    0.000      0.0      0.0      0.1      574    0.000    0.695    0.000    0.001    0.000    0.000    0.000    0.002
1961   8  25    0.011    0.011    0.039    0.032    0.007    0.002    0.005    0.000    0.000      1.8      0.0        0      0.2      0.0        0      0.0        0      2.1    0.068    0.001    0.001    0.006    0.000    0.000      0.0      0.0      0.1      574    0.000    1.299    0.000    0.001    0.000    0.000    0.000    0.002
1961   8  26    0.011    0.011    0.040    0.033    0.007    0.002    0.005    0.000    0.000      1.8      0.0        0      0.2      0.0        0      0.0        0      2.1    0.068    0.001    0.001    0.006    0.000    0.000      0.0      0.0      0.1      576    0.000    0.003    0.000    0.002    0.000    0.000    0.000    0.002
1961   8  27    0.011    0.011    0.044    0.037    0.008    0.002    0.006    0.000    0.000      1.8      0.0        0      0.2      0.0        0      0.0        0      2.1    0.069    0.001    0.001    0.006    0.000    0.000      0.0      0.0      0.1      578    0.000    0.000    0.000    0.002    0.000    0.000    0.000    0.002
1961   8  28    0.011    0.011    0.082    0.069    0.013    0.002    0.010    0.000    0.001      1.8      0.0        0      0.2      0.0        0      0.0        0      2.1    0.069    0.001    0.001    0.006    0.000    0.000      0.0      0.0      0.1      580    0.000    0.006    0.000    0.002    0.000    0.000    0.000    0.002
1961   8  29    0.011    0.011    0.074    0.062    0.012    0.002    0.010    0.000    0.001      1.8      0.0        0      0.2      0.0        0      0.0        0      2.1    0.070    0.001    0.001    0.006    0.000    0.000      0.0      0.0      0.1      581    0.000    0.001    0.000    0.002    0.000    0.000    0.000    0.002
1961   8  30    0.011    0.011    0.092    0.078    0.015    0.003    0.012    0.000    0.001      1.8      0.0        0      0.2      0.0        0      0.0        0      2.1    0.070    0.001    0.001    0.006    0.000    0.000      0.0      0.0      0.1      582    0.000    0.022    0.000    0.002    0.000    0.000    0.000    0.002
1961   8  31    0.011    0.012    0.084    0.070    0.014    0.003    0.011    0.000    0.001      1.8      0.0        0      0.2      0.0        0      0.0        0      2.2    0.071    0.001    0.001    0.007    0.000    0.000      0.0      0.0      0.1      584    0.000    0.002    0.000    0.002    0.000    0.000    0.000    0.002
1961   9   1    0.012    0.012    0.088    0.074    0.014    0.002    0.012    0.000    0.001      1.8      0.0        0      0.2      0.0        0      0.0        0      2.2    0.071    0.001    0.001    0.007    0.000    0.000      0.0      0.0      0.1      585    0.000    0.001    0.000    0.002    0.000    0.000    0.000    0.002
1961   9   2    0.012    0.012    0.104    0.087    0.016    0.003    0.013    0.000    0.001      1.9      0.0        0      0.2      0.0        0      0.0        0      2.2    0.072    0.001    0.001    0.007    0.000    0.000      0.0      0.0      0.1      587    0.000    0.002    0.000    0.002    0.000    0.000    0.000    0.002
1961   9   3    0.012    0.012    0.096    0.081    0.015    0.003    0.013    0.000    0.001      1.9      0.0        0      0.2      0.0        0      0.0        0      2.2    0.073    0.001    0.001    0.007    0.000    0.000      0.0      0.0      0.1      588    0.000    0.165    0.000    0.002    0.000    0.000    0.000    0.002
1961   9   4    0.012    0.012    0.092    0.077    0.014    0.002    0.012    0.000    0.001      1.9      0.0        0      0.2      0.0        0      0.0        0      2.2    0.073    0.001    0.001    0.007    0.000    0.000      0.0      0.0      0.1      589    0.000    0.001    0.000    0.002    0.000    0.000    0.000    0.002
1961   9   5    0.012    0.012    0.099    0.083    0.016    0.003    0.013    0.000    0.001      1.9      0.0        0      0.2      0.0        0      0.0        0      2.2    0.074    0.001    0.001    0.007    0.000    0.000      0.0      0.0      0.1      590    0.000    0.001    0.000    0.002    0.000    0.000    0.000    0.002
1961   9   6    0.012    0.012    0.098    0.082    0.016    0.003    0.013    0.000    0.001      1.9      0.0        0      0.2      0.0        0      0.0        0      2.3    0.074    0.001    0.001    0.007    0.000    0.000      0.0      0.0      0.1      591    0.000    0.098    0.000    0.001    0.000    0.000    0.000    0.002
1961   9   7    0.012    0.012    0.090    0.076    0.015    0.003    0.012    0.000    0.001      1.9      0.0        0      0.2      0.0        0      0.0        0      2.3    0.075    0.001    0.001    0.007    0.000    0.000      0.0      0.0      0.1      593    0.000    0.013    0.000    0.001    0.000    0.000    0.000    0.002
1961   9   8    0.012    0.012    0.087    0.073    0.014    0.003    0.011    0.000    0.001      1.9      0.0        0      0.2      0.0        0      0.0        0      2.3    0.075    0.001    0.001    0.007    0.000    0.000      0.0      0.0      0.1      594    0.000    0.001    0.000    0.002    0.000    0.000    0.000    0.002
1961   9   9    0.013    0.013    0.091    0.076    0.014    0.003    0.012    0.000    0.001      2.0      0.0        0      0.2      0.0        0      0.0        0      2.3    0.076    0.001    0.001    0.007    0.000    0.000      0.0      0.0      0.1      596    0.000    0.003    0.000    0.002    0.000    0.000    0.000    0.002
1961   9  10    0.013    0.013    0.089    0.075    0.014    0.002    0.012    0.000    0.001      2.0      0.0        0      0.2      0.0        0      0.0        0      2.3    0.076    0.001    0.001    0.007    0.000    0.000      0.0      0.0      0.1      595    0.000    0.001    0.000    0.002    0.000    0.000    0.000    0.002
1961   9  11    0.013    0.013    0.107    0.090    0.017    0.003    0.014    0.000    0.001      2.0      0.0        0      0.2      0.0        0      0.0        0      2.4    0.077    0.001    0.001    0.007    0.000    0.000      0.0      0.0      0.1      596    0.000    0.009    0.000    0.002    0.000    0.000    0.000    0.002
1961   9  12    0.013    0.013    0.095    0.080    0.015    0.003    0.012    0.000    0.001      2.0      0.0        0      0.2      0.0        0      0.0        0      2.4    0.078    0.001    0.001    0.007    0.000    0.000      0.0      0.0      0.1      598    0.000    0.103    0.000    0.001    0.000    0.000    0.000    0.002
1961   9  13    0.013    0.013    0.088    0.074    0.014    0.003    0.012    0.000    0.001      2.0      0.0        0      0.2      0.0        0      0.0        0      2.4    0.078    0.001    0.001    0.007    0.000    0.000      0.0      0.0      0.1      599    0.000    0.010    0.000    0.001    0.000    0.000    0.000    0.002
1961   9  14    0.013    0.013    0.085    0.071    0.014    0.003    0.011    0.000    0.001      2.0      0.0        0      0.2      0.0        0      0.0        0      2.4    0.079    0.001    0.001    0.007    0.000    0.000      0.0      0.0      0.1      601    0.000    0.099    0.000    0.001    0.000    0.000    0.000    0.002
1961   9  15    0.013    0.013    0.081    0.068    0.013    0.003    0.011    0.000    0.001      2.0      0.0        0      0.2      0.0        0      0.0        0      2.4    0.079    0.001    0.001    0.007    0.000    0.000      0.0      0.0      0.1      602    0.000    0.160    0.000    0.001    0.000    0.000    0.000    0.002
1961   9  16    0.013    0.013    0.078    0.066    0.013    0.002    0.010    0.000    0.001      2.1      0.0        0      0.2      0.0        0      0.0        0      2.4    0.080    0.001    0.001    0.007    0.000    0.000      0.0      0.0      0.1      603    0.000    0.705    0.000    0.001    0.000    0.000    0.000    0.002
1961   9  17    0.013    0.014    0.076    0.064    0.012    0.002    0.010    0.000    0.001      2.1      0.0        0      0.2      0.0        0      0.0        0      2.5    0.080    0.001    0.001    0.007    0.000    0.000      0.0      0.0      0.1      603    0.000    2.000    0.000    0.001    0.000    0.000    0.000    0.002
1961   9  18    0.014    0.014    0.071    0.059    0.012    0.002    0.009    0.000    0.001      2.1      0.0        0      0.2      0.0        0      0.0        0      2.5    0.081    0.001    0.001    0.007    0.000    0.000      0.0      0.0      0.1      603    0.000    2.000    0.000    0.001    0.000    0.000    0.000    0.002
1961   9  19    0.014    0.014    0.070    0.058    0.011    0.002    0.009    0.000    0.001      2.1      0.0        0      0.2      0.0        0      0.0        0      2.5    0.081    0.001    0.001    0.007    0.000    0.000      0.0      0.0      0.1      604    0.000    0.002    0.000    0.002    0.000    0.000    0.000    0.002
1961   9  20    0.014    0.014    0.071    0.059    0.012    0.002    0.009    0.000    0.001      2.1      0.0        0      0.2      0.0        0      0.0        0      2.5    0.081    0.001    0.001    0.008    0.000    0.000      0.0      0.0      0.1      606    0.000    0.004    0.000    0.002    0.000    0.000    0.000    0.002
1961   9  21    0.014    0.014    0.068    0.056    0.011    0.002    0.009    0.000    0.001      2.1      0.0        0      0.2      0.0        0      0.0        0      2.5    0.082    0.001    0.001    0.008    0.000    0.000      0.0      0.0      0.1      608    0.000    0.006    0.000    0.002    0.000    0.000    0.000    0.002
1961   9  22    0.014    0.014    0.067    0.056    0.011    0.002    0.009    0.000    0.001      2.1      0.0        0      0.2      0.0        0      0.0        0      2.5    0.082    0.001    0.001    0.008    0.000    0.000      0.0      0.0      0.1      609    0.000    0.001    0.000    0.002    0.000    0.000    0.000    0.002
1961   9  23    0.014    0.014    0.090    0.076    0.014    0.003    0.012    0.000    0.001      2.1      0.0        0      0.2      0.0        0      0.0        0      2.6    0.083    0.001    0.001    0.008    0.000    0.000      0.0      0.0      0.1      611    0.000    0.215    0.000    0.001    0.000    0.000    0.000    0.002
1961   9  24    0.014    0.014    0.084    0.070    0.014    0.003    0.011    0.000    0.001      2.2      0.0        0      0.2      0.0        0      0.0        0      2.6    0.083    0.001    0.001    0.008    0.000    0.000      0.0      0.0      0.1      612    0.000    0.006    0.000    0.002    0.000    0.000    0.000    0.002
1961   9  25    0.014    0.014    0.078    0.065    0.013    0.003    0.010    0.000    0.001      2.2      0.0        0      0.2      0.0        0      0.0        0      2.6    0.084    0.001    0.001    0.008    0.000    0.000      0.0      0.0      0.1      614    0.000    0.077    0.000    0.001    0.000    0.000    0.000    0.002
1961   9  26    0.014    0.014    0.073    0.061    0.012    0.003    0.010    0.000    0.001      2.2      0.0        0      0.2      0.0        0      0.0        0      2.6    0.084    0.001    0.001    0.008    0.000    0.000      0.0      0.0      0.1      616    0.000    0.446    0.000    0.001    0.000    0.000    0.000    0.002
1961   9  27    0.014    0.015    0.068    0.056    0.012    0.003    0.009    0.000    0.001      2.2      0.0        0      0.2      0.0        0      0.0        0      2.6    0.085    0.001    0.001    0.008    0.000    0.000      0.0      0.0      0.1      617    0.000    0.695    0.000    0.001    0.000    0.000    0.000    0.002
1961   9  28    0.015    0.015    0.064    0.053    0.011    0.003    0.008    0.000    0.001      2.2      0.0        0      0.2      0.0        0      0.0        0      2.6    0.085    0.001    0.001    0.008    0.000    0.000      0.0      0.0      0.1      618    0.000    0.695    0.000    0.001    0.000    0.000    0.000    0.002
1961   9  29    0.015    0.015    0.060    0.049    0.010    0.003    0.008    0.000    0.001      2.2      0.0        0      0.2      0.0        0      0.0        0      2.6    0.086    0.001    0.001    0.008    0.000    0.000      0.0      0.0      0.1      619    0.000    0.001    0.000    0.002    0.000    0.000    0.000    0.002
1961   9  30    0.015    0.015    0.086    0.072    0.014    0.003    0.011    0.000    0.001      2.2      0.0        0      0.2      0.0        0      0.0        0      2.7    0.086    0.001    0.001    0.008    0.000    0.000      0.0      0.0      0.1      621    0.000    0.002    0.000    0.002    0.000    0.000    0.000    0.002
1961  10   1    0.015    0.015    0.084    0.070    0.014    0.003    0.011    0.000    0.001      2.2      0.0        0      0.2      0.0        0      0.0        0      2.7    0.087    0.001    0.001    0.008    0.000    0.000      0.0      0.0      0.1      622    0.000    0.002    0.000    0.002    0.000    0.000    0.000    0.002
1961  10   2    0.015    0.015    0.085    0.071    0.014    0.003    0.011    0.000    0.001      2.3      0.0        0      0.2      0.0        0      0.0        0      2.7    0.087    0.001    0.001    0.008    0.000    0.000      0.0      0.0      0.1      624    0.000    0.114    0.000    0.002    0.000    0.000    0.000    0.002
1961  10   3    0.015    0.015    0.082    0.069    0.013    0.002    0.011    0.000    0.001      2.3      0.0        0      0.2      0.0        0      0.0        0      2.7    0.088    0.001    0.001    0.008    0.000    0.000      0.0      0.0      0.1      625    0.000    0.695    0.000    0.002    0.000    0.000    0.000    0.002
1961  10   4    0.015    0.015    0.076    0.063    0.013    0.003    0.010    0.000    0.001      2.3      0.0        0      0.2      0.0        0      0.0        0      2.7    0.088    0.001    0.001    0.008    0.000    0.000      0.0      0.0      0.1      626    0.000    1.327    0.000    0.002    0.000    0.000    0.000    0.002
1961  10   5    0.015    0.015    0.071    0.059    0.012    0.002    0.009    0.000    0.001      2.3      0.0        0      0.2      0.0        0      0.0        0      2.7    0.089    0.001    0.001    0.008    0.000    0.000      0.0      0.0      0.1      626    0.000    2.000    0.000    0.001    0.000    0.000    0.000    0.002
1961  10   6    0.015    0.015    0.068    0.057    0.011    0.002    0.009    0.000    0.001      2.3      0.0        0      0.2      0.0        0      0.0        0      2.8    0.089    0.001    0.001    0.008    0.000    0.000      0.0      0.0      0.1      626    0.000    2.000    0.000    0.001    0.000    0.000    0.000    0.002
1961  10   7    0.015    0.016    0.061    0.051    0.010    0.002    0.008    0.000    0.001      2.3      0.0        0      0.2      0.0        0      0.0        0      2.8    0.089    0.001    0.001    0.008    0.000    0.000      0.0      0.0      0.1      625    0.000    2.000    0.000    0.001    0.000    0.000    0.000    0.002
1961  10   8    0.016    0.016    0.058    0.048    0.010    0.002    0.008    0.000    0.001      2.3      0.0        0      0.2      0.0        0      0.0        0      2.8    0.090    0.001    0.001    0.008    0.000    0.000      0.0      0.0      0.1      625    0.000    2.000    0.000    0.001    0.000    0.000    0.000    0.002
1961  10   9    0.016    0.016    0.057    0.047    0.010    0.002    0.008    0.000    0.001      2.3      0.0        0      0.2      0.0        0      0.0        0      2.8    0.090    0.001    0.001    0.008    0.000    0.000      0.0      0.0      0.1      625    0.000    2.000    0.000    0.001    0.000    0.000    0.000    0.002
1961  10  10    0.016    0.016    0.056    0.047    0.009    0.002    0.007    0.000    0.001      2.3      0.0        0      0.2      0.0        0      0.0        0      2.8    0.091    0.001    0.001    0.008    0.000    0.000      0.0      0.0      0.1      625    0.000    2.000    0.000    0.001    0.000    0.000    0.000    0.002
1961  10  11    0.016    0.016    0.055    0.046    0.009    0.002    0.007    0.000    0.001      2.4      0.0        0      0.2      0.0        0      0.0        0      2.8    0.091    0.001    0.001    0.008    0.000    0.000      0.0      0.0      0.1      626    0.000    0.695    0.000    0.001    0.000    0.000    0.000    0.002
1961  10  12    0.016    0.016    0.053    0.045    0.009    0.001    0.007    0.000    0.001      2.4      0.0        0      0.2      0.0        0      0.0        0      2.8    0.091    0.001    0.001    0.008    0.000    0.000      0.0      0.0      0.1      627    0.000    0.695    0.000    0.001    0.000    0.000    0.000    0.002
1961  10  13    0.016    0.016    0.051    0.043    0.008    0.002    0.007    0.000    0.001      2.4      0.0        0      0.2      0.0        0      0.0        0      2.8    0.092    0.001    0.001    0.008    0.000    0.000      0.0      0.0      0.1      628    0.000    1.328    0.000    0.001    0.000    0.000    0.000    0.002
